
Función de autocorrelación para residuos
***, ** y * indica significatividad a los niveles del 1%, 5% y 10%
utilizando la desviación típica 1/T^0,5

 RETARDO    FAC          FACP         Estad-Q. [valor p]

    1  -0,0117       -0,0117          0,0260  [0,872]
    2   0,0043        0,0042          0,0296  [0,985]
    3   0,0141        0,0142          0,0677  [0,995]
    4  -0,0841       -0,0838          1,4398  [0,837]
    5   0,0410        0,0393          1,7673  [0,880]
    6  -0,0229       -0,0218          1,8703  [0,931]
    7   0,0091        0,0108          1,8867  [0,966]
    8  -0,0119       -0,0199          1,9146  [0,984]
    9  -0,0982       -0,0921          3,8399  [0,922]
   10  -0,0798       -0,0882          5,1169  [0,883]
   11   0,1237  *     0,1294 *        8,2065  [0,695]
   12   0,0056        0,0074          8,2128  [0,768]
   13   0,0892        0,0790          9,8375  [0,707]
   14   0,0536        0,0451         10,4283  [0,730]
   15   0,0221        0,0466         10,5290  [0,785]

