
Función de autocorrelación para res1
***, ** y * indica significatividad a los niveles del 1%, 5% y 10%
utilizando la desviación típica 1/T^0,5

 RETARDO    FAC          FACP         Estad-Q. [valor p]

    1   0,0088        0,0088          0,0048  [0,945]
    2   0,0051        0,0051          0,0065  [0,997]
    3  -0,0017       -0,0018          0,0067  [1,000]
    4   0,0472        0,0473          0,1527  [0,997]
    5   0,0311        0,0304          0,2174  [0,999]
    6   0,0714        0,0707          0,5638  [0,997]
    7  -0,2278  *    -0,2308 *        4,1565  [0,762]
    8  -0,0685       -0,0691          4,4872  [0,811]
    9  -0,0007        0,0010          4,4872  [0,877]
   10  -0,1106       -0,1233          5,3855  [0,864]

