
Función de autocorrelación para res2
***, ** y * indica significatividad a los niveles del 1%, 5% y 10%
utilizando la desviación típica 1/T^0,5

 RETARDO    FAC          FACP         Estad-Q. [valor p]

    1   0,0258        0,0258          0,0414  [0,839]
    2   0,0453        0,0447          0,1710  [0,918]
    3   0,1074        0,1054          0,9126  [0,822]
    4   0,1205        0,1153          1,8622  [0,761]
    5   0,0287        0,0165          1,9169  [0,861]
    6   0,0768        0,0572          2,3173  [0,888]
    7  -0,2228  *    -0,2579 **       5,7542  [0,569]
    8  -0,0422       -0,0653          5,8798  [0,661]
    9   0,0156        0,0144          5,8974  [0,750]
   10  -0,1513       -0,1226          7,5796  [0,670]

